2.540000000000000000e+02 1.000000000000000000e+00 0.000000000000000000e+00
2.525444944168734480e+02 1.833082661290322619e+02 5.813337468982630440e+01
2.525414392059553279e+02 1.833090570719602965e+02 5.807879962779156102e+01
2.525431451612903118e+02 1.833305676178659951e+02 5.815569168734491257e+01
2.522442772952853716e+02 1.828842897022332465e+02 5.729072580645161139e+01
2.520511321339950257e+02 1.831524038461538453e+02 5.665235732009925584e+01
2.517220843672456567e+02 1.835931451612903231e+02 5.574680521091811158e+01
2.515753722084367325e+02 1.839841966501240620e+02 5.538204094292804314e+01
2.515094602977667364e+02 1.842650899503722144e+02 5.487661290322580498e+01
2.514501861042183748e+02 1.844158653846153868e+02 5.476053039702233605e+01
2.512220843672456567e+02 1.838731854838709694e+02 5.355790942928040010e+01
2.517121277915632618e+02 1.806716501240694868e+02 5.093908188585607633e+01
2.515957196029776810e+02 1.805072735732009903e+02 5.055286910669975242e+01
2.515160204714640315e+02 1.804361507444168637e+02 5.008667803970223531e+01
2.515310483870967744e+02 1.806081420595533586e+02 5.014689826302729614e+01
2.515366160049627808e+02 1.809541408188585478e+02 5.022194478908188842e+01
2.515079869727047139e+02 1.813892214640198404e+02 4.971854838709677438e+01
2.515519540942927961e+02 1.816808467741935544e+02 4.975578473945409286e+01
2.515351271712158905e+02 1.819394696029776810e+02 4.974382754342431667e+01
2.515203163771712127e+02 1.819388492555831363e+02 4.946008064516129110e+01
2.514804125310173788e+02 1.818477202233250694e+02 4.929860421836228568e+01
2.514572115384615358e+02 1.818092897022332579e+02 4.890611042183623169e+01
2.514262872208436761e+02 1.819141284119106672e+02 4.889185794044664846e+01
2.514369571960297662e+02 1.820872053349876012e+02 4.882631823821339623e+01
2.514272642679900684e+02 1.823508529776675005e+02 4.878478598014888235e+01
2.514451457816377058e+02 1.824409584367245714e+02 4.867228598014888519e+01
2.514469602977667364e+02 1.826461073200992473e+02 4.832241004962779130e+01
2.514571184863523570e+02 1.828351736972704771e+02 4.838684863523572943e+01
2.515043114143920491e+02 1.831263647642680041e+02 4.795452853598014542e+01
2.514811104218362345e+02 1.831464950372208307e+02 4.822360421836228284e+01
2.514869106699751740e+02 1.833051023573200951e+02 4.816654776674938176e+01
2.514969913151364835e+02 1.835267059553349895e+02 4.809748759305210797e+01
2.515324131513647501e+02 1.836278691066997624e+02 4.812543424317617990e+01
2.513210452853598156e+02 1.830750310173697244e+02 4.741792803970223247e+01
2.518024038461538510e+02 1.797546526054590572e+02 4.460648263027295002e+01
2.514873604218362289e+02 1.790461383374689888e+02 4.360344292803970490e+01
2.513912375930520966e+02 1.788052109181141418e+02 4.292569789081886000e+01
2.513734181141439308e+02 1.787681916873449097e+02 4.278988833746898024e+01
2.514558622828783996e+02 1.789247828784119179e+02 4.269430831265508886e+01
2.515009615384615245e+02 1.789725341191067116e+02 4.301071650124069379e+01
2.517528225806451587e+02 1.807859646401985003e+02 4.498514267990074700e+01
2.517529776674938091e+02 1.808836693548387018e+02 4.492613213399503991e+01
2.516769230769230887e+02 1.809626240694789203e+02 4.484244727047146739e+01
2.515988213399503763e+02 1.809979373449131401e+02 4.443303349875930763e+01
2.515696184863523683e+02 1.809738213399503763e+02 4.437003722084367041e+01
2.516353287841191104e+02 1.811165942928039669e+02 4.442349565756823893e+01
2.516517369727047253e+02 1.811573976426799106e+02 4.447265818858560493e+01
2.516676643920595495e+02 1.812553815136476487e+02 4.453979528535980137e+01
2.516833591811414408e+02 1.814341035980149002e+02 4.440493176178659951e+01
2.517111352357320015e+02 1.816005117866004923e+02 4.447433312655086723e+01
2.516717431761786656e+02 1.819753101736972667e+02 4.479398263027295002e+01
2.516606854838709637e+02 1.821993951612903118e+02 4.480338089330025042e+01
2.516542028535980080e+02 1.823243021091811329e+02 4.497451923076923208e+01
2.516818238213399468e+02 1.824423697270471507e+02 4.488985732009925300e+01
2.516354063275434214e+02 1.826455645161290420e+02 4.483280086848635193e+01
2.515852667493796559e+02 1.830203318858560806e+02 4.507641129032258220e+01
2.515315291563275366e+02 1.832085763027295400e+02 4.529350186104218068e+01
2.513639267990074302e+02 1.826671060794044763e+02 4.493734491315136381e+01
2.518117400744417012e+02 1.797977202233250580e+02 4.223100186104218068e+01
2.516890818858560692e+02 1.796782878411910644e+02 4.176719913151364949e+01
2.513069944168734366e+02 1.798881358560794013e+02 4.164325372208436704e+01
2.514875620347394545e+02 1.801278846153846018e+02 4.180733560794044479e+01
2.515985576923076792e+02 1.803336848635235867e+02 4.198526674937965453e+01
2.516633839950372078e+02 1.805339640198511120e+02 4.233556141439206044e+01
2.517150279156327599e+02 1.807042028535980194e+02 4.249359491315136239e+01
2.517541718362282950e+02 1.809552109181141475e+02 4.265362903225806690e+01
2.517060638957816252e+02 1.811613058312655085e+02 4.270079094292803745e+01
2.517187034739453964e+02 1.812752791563275423e+02 4.272140198511166176e+01
2.517463709677419388e+02 1.814696650124069492e+02 4.289423076923076650e+01
2.517417648883374568e+02 1.818591811414391941e+02 4.292337158808933140e+01
2.517550093052109048e+02 1.821691222084367325e+02 4.312451923076923066e+01
2.517357320099255560e+02 1.824555831265508630e+02 4.354120657568238073e+01
2.516716501240694868e+02 1.827636941687345029e+02 4.368853908188585677e+01
2.516302109181141304e+02 1.829884925558312716e+02 4.368652295285360054e+01
2.515645161290322562e+02 1.832003566997518647e+02 4.407520161290322847e+01
2.515279466501240790e+02 1.833875930521091675e+02 4.413354528535980137e+01
2.515669975186104352e+02 1.835606079404466584e+02 4.418081575682381867e+01
2.515466811414391941e+02 1.836555366004962764e+02 4.400452853598014968e+01
2.515468827543424197e+02 1.837423697270471337e+02 4.433804280397022524e+01
2.515655397022332522e+02 1.840393765508684965e+02 4.436715260545905437e+01
2.515144851116625375e+02 1.840853442928039669e+02 4.439554900744416699e+01
2.516978598014888462e+02 1.817279466501240677e+02 4.245648263027295144e+01
2.514813120347394602e+02 1.810399968982630412e+02 4.154212158808932998e+01
2.513951147642679871e+02 1.808785514888337502e+02 4.169424627791563154e+01
2.513867090570719540e+02 1.809097859801488823e+02 4.171709057071960558e+01
2.514392214640198517e+02 1.810420905707196084e+02 4.169246277915632959e+01
2.514360732009925528e+02 1.811162531017369588e+02 4.135265198511166318e+01
2.513344913151364892e+02 1.808810794044665045e+02 4.110991004962779272e+01
2.512866780397022239e+02 1.808113368486352499e+02 4.082548076923077218e+01
2.513182537220843642e+02 1.808196650124069436e+02 4.059934863523573512e+01
2.512688275434243224e+02 1.806670130272952974e+02 4.073528225806451530e+01
2.512797611662531096e+02 1.806572425558312602e+02 4.063325062034739688e+01
2.513278535980148831e+02 1.808072115384615302e+02 4.057160359801488880e+01
2.513802884615384698e+02 1.808681296526054609e+02 4.077555831265508601e+01
2.514303504962779243e+02 1.809800093052109276e+02 4.087130893300248147e+01
2.514814050868486390e+02 1.810328784119106729e+02 4.092200682382134147e+01
2.515351892059553336e+02 1.811774038461538510e+02 4.086339950372208563e+01
2.516070409429280517e+02 1.813950062034739403e+02 4.106958746898263257e+01
2.516719602977667591e+02 1.816333436724565615e+02 4.143664702233250807e+01
2.516493486352357252e+02 1.817865074441687341e+02 4.175241935483870748e+01
2.517088864764268124e+02 1.819720223325062136e+02 4.184900744416873408e+01
2.517347084367245600e+02 1.821511321339950484e+02 4.189666563275434186e+01
2.517256513647642748e+02 1.822233870967741893e+02 4.167717121588089668e+01
2.515478753101737084e+02 1.822595378411910758e+02 4.157848945409429575e+01
2.514783188585607832e+02 1.820741315136476430e+02 4.143111042183623027e+01
2.517206420595533416e+02 1.794096308933002604e+02 3.932090570719603306e+01
2.515083746898262973e+02 1.790516284119106558e+02 3.876336848635235555e+01
2.514754342431761813e+02 1.789652140198511177e+02 3.863022642679900542e+01
2.514822270471464094e+02 1.790296681141439308e+02 3.846361662531017345e+01
2.515040632754342482e+02 1.791894075682382095e+02 3.833714330024813677e+01
2.518687344913151378e+02 1.818956110421836172e+02 4.145243486352357110e+01
2.519055831265508800e+02 1.820628877171215834e+02 4.148498759305211081e+01
2.518611817617866109e+02 1.821240384615384755e+02 4.152686104218362573e+01
2.517425868486352272e+02 1.819756358560794069e+02 4.125198511166252757e+01
2.517271557071960331e+02 1.819521246898262916e+02 4.144098945409429291e+01
2.516957351116625432e+02 1.819375775434243110e+02 4.127636476426798851e+01
2.517418734491315035e+02 1.820802109181141475e+02 4.123233560794044905e+01
2.517273263027295229e+02 1.822044509925558202e+02 4.154218362282878729e+01
2.516983715880893442e+02 1.824148263027295229e+02 4.131229838709677438e+01
2.516966501240694924e+02 1.824775744416873522e+02 4.132625620347394602e+01
2.513812965260545980e+02 1.824734336228287930e+02 4.116146091811414465e+01
2.514157878411910758e+02 1.825179745657568162e+02 4.114235421836228568e+01
2.514796681141439194e+02 1.825858250620347292e+02 4.116496588089329833e+01
2.515083901985111652e+02 1.827016129032257936e+02 4.132771401985111481e+01
2.515807692307692207e+02 1.830006513647642805e+02 4.157453473945409428e+01
2.516387717121588139e+02 1.831368951612903118e+02 4.193045905707195686e+01
2.516256513647642805e+02 1.835079404466501103e+02 4.199871277915632817e+01
2.515970223325062136e+02 1.835430055831265577e+02 4.198832196029776753e+01
2.515575837468982741e+02 1.835190136476426801e+02 4.170966191066997197e+01
2.514169665012406938e+02 1.831380428039702224e+02 4.129581265508684851e+01
2.517850651364764190e+02 1.801994416873449154e+02 3.901039081885856064e+01
2.516179125310173674e+02 1.799904001240694811e+02 3.843486352357319902e+01
2.515501395781637655e+02 1.799189205955335069e+02 3.845507133995037208e+01
2.515991625310173561e+02 1.801111042183622715e+02 3.842216191066997766e+01
2.516532568238213514e+02 1.804113833746898194e+02 3.876819168734490972e+01
2.517165322580645181e+02 1.807629497518610435e+02 3.898573200992555599e+01
2.517128877171215890e+02 1.809969602977667478e+02 3.921513647642679956e+01
2.517409584367245543e+02 1.811972859801488767e+02 3.941707506203474054e+01
2.517113988833746987e+02 1.812500775434243110e+02 3.935856079404466357e+01
2.517055055831265520e+02 1.813211383374689945e+02 3.927862903225806690e+01
2.517239143920595552e+02 1.813617866004962877e+02 3.954058622828784308e+01
2.516951923076923094e+02 1.814340570719602965e+02 3.952665942928040010e+01
2.517270936724565615e+02 1.816055521091811329e+02 3.975013957816376831e+01
2.517045905707196027e+02 1.819365384615384755e+02 3.993438275434242968e+01
2.517194168734491200e+02 1.822099100496277799e+02 4.025006203473945732e+01
2.517256513647642748e+02 1.825007599255582988e+02 4.056665632754342710e+01
2.516976116625310169e+02 1.828481079404466527e+02 4.083416563275434186e+01
2.517208281637716993e+02 1.830525279156327656e+02 4.095621898263027560e+01
2.517687655086848508e+02 1.832766594292803859e+02 4.116203473945409286e+01
2.516919199751860958e+02 1.835819013647642635e+02 4.155820409429280460e+01
2.515854838709677495e+02 1.839747983870967687e+02 4.198514267990074700e+01
2.515937965260546036e+02 1.845396867245657688e+02 4.234599875930521051e+01
2.515132289081885801e+02 1.849759770471464151e+02 4.265009305210918455e+01
2.514882133995037350e+02 1.849220223325062022e+02 4.261296526054590572e+01
2.517559088089330146e+02 1.824809243176178768e+02 4.083988833746898450e+01
2.516623759305210797e+02 1.822432692307692434e+02 4.047312344913151350e+01
2.515584367245657518e+02 1.820583436724565729e+02 4.029123759305210939e+01
2.515206110421836172e+02 1.820836693548387188e+02 4.008875620347394886e+01
2.515526674937965197e+02 1.822026364764267896e+02 3.994488213399503707e+01
2.516154621588089242e+02 1.823228598014888462e+02 4.022242555831265776e+01
2.517307847394540943e+02 1.824966811414392112e+02 4.023010235732009932e+01
2.517446029776674834e+02 1.825015353598014940e+02 4.024809243176178342e+01
2.517220378411910531e+02 1.825111042183622772e+02 4.028512717121588338e+01
2.516965880893300209e+02 1.825003722084367155e+02 4.018270781637717448e+01
2.516142059553349952e+02 1.824078318858560692e+02 3.975854528535980137e+01
2.514523728287841209e+02 1.821251240694789146e+02 3.951608250620347462e+01
2.513590415632754400e+02 1.818593207196029766e+02 3.919913151364764303e+01
2.513502791563275309e+02 1.817325217121588139e+02 3.910221774193548328e+01
2.514251861042183691e+02 1.818457971464019920e+02 3.921901364764268294e+01
2.514876705955335012e+02 1.819007133995037293e+02 3.920704094292803887e+01
2.515242400744416784e+02 1.820134460297766736e+02 3.960102357320099031e+01
2.516237127791563353e+02 1.822323666253101635e+02 3.960094602977667222e+01
2.517292493796526003e+02 1.825189516129032370e+02 3.994998449131513496e+01
2.517421215880893328e+02 1.827569789081885858e+02 4.013486352357320186e+01
2.517173232009925528e+02 1.829817617866004866e+02 4.023977977667493633e+01
2.516809398263027333e+02 1.832041718362282836e+02 4.040721153846153868e+01
2.515928039702233150e+02 1.836665322580645068e+02 4.123889578163771574e+01
2.515692928039702281e+02 1.838720533498759266e+02 4.097906327543424254e+01
2.514833746898262916e+02 1.837593207196029823e+02 4.070485421836228568e+01
2.518615849875930621e+02 1.809216656327543546e+02 3.823466191066997766e+01
2.513812810173697301e+02 1.800701767990074416e+02 3.748672456575682332e+01
2.514120812655086752e+02 1.800209832506203611e+02 3.754922456575682332e+01
2.515451767990074359e+02 1.802292803970223360e+02 3.774553349875930763e+01
2.516598169975186181e+02 1.804657878411910588e+02 3.808101736972704998e+01
2.517559708436724577e+02 1.807803039702233150e+02 3.830544354838709609e+01
2.517747673697270443e+02 1.810231389578163714e+02 3.884314516129032313e+01
2.517781947890818799e+02 1.812293734491315149e+02 3.868647642679900400e+01
2.517659584367245600e+02 1.812324751861042103e+02 3.880131823821339765e+01
2.517336848635235640e+02 1.811908188585607888e+02 3.865519540942928245e+01
2.516106699751861129e+02 1.810371433002481467e+02 3.810792493796525804e+01
2.515485111662530926e+02 1.809412841191067116e+02 3.788860111662530983e+01
2.515670440446650105e+02 1.810261941687344915e+02 3.782121588089329833e+01
2.516834212158808839e+02 1.811642059553349782e+02 3.812817928039702053e+01
2.517144075682382152e+02 1.813622673697270500e+02 3.825117866004962508e+01
2.517076923076922981e+02 1.814199286600496350e+02 3.825178349875930195e+01
2.516902605459057156e+02 1.815721619106699620e+02 3.836094913151364949e+01
2.516825527295285383e+02 1.818277295285359685e+02 3.865178349875930763e+01
2.517105148883374568e+02 1.819682847394541056e+02 3.905767679900744582e+01
2.516903225806451587e+02 1.822266749379652708e+02 3.897455024813896074e+01
2.516963244416873522e+02 1.823604528535980194e+02 3.912397642679900400e+01
2.517324751861042103e+02 1.825656637717121669e+02 3.932481389578163800e+01
2.517569323821339822e+02 1.828890508684863505e+02 3.949243176178659809e+01
2.517224255583126649e+02 1.829153225806451530e+02 3.954353287841190934e+01
2.517130738213399468e+02 1.809194789081885801e+02 3.785755272952853545e+01
2.515310483870967744e+02 1.802930366004962650e+02 3.709596774193548185e+01
2.514392059553349839e+02 1.801200062034739346e+02 3.700761476426799135e+01
2.515090260545905778e+02 1.801985576923077019e+02 3.709968982630272905e+01
2.515441997518610435e+02 1.802662375930520966e+02 3.741191066997518533e+01
2.515921060794044593e+02 1.805428815136476430e+02 3.744906947890818572e+01
2.516099565756823893e+02 1.808571184863523627e+02 3.759097394540943071e+01
2.516509925558312659e+02 1.810827078163771660e+02 3.788714330024814103e+01
2.516576923076923151e+02 1.811465105459056986e+02 3.793287841191067145e+01
2.515630272952853659e+02 1.809872208436724463e+02 3.748661600496277657e+01
2.514763647642679985e+02 1.808574131513647671e+02 3.703703473945409286e+01
2.514526985111662611e+02 1.807215725806451587e+02 3.708601116625310112e+01
2.514226581885856149e+02 1.806750465260545866e+02 3.699727047146402015e+01
2.514758529776675005e+02 1.806558622828784166e+02 3.717490694789081829e+01
2.515384305210918114e+02 1.807320874689826269e+02 3.722130893300248289e+01
2.516008995037220757e+02 1.809183622828784053e+02 3.735766129032258220e+01
2.516515663771712070e+02 1.810732785359801369e+02 3.738731389578163800e+01
2.516660514888337445e+02 1.811357940446650048e+02 3.725873138957816622e+01
2.516204559553349895e+02 1.809885856079404505e+02 3.738677109181141134e+01
2.516370347394540943e+02 1.809910980148883368e+02 3.736105769230768914e+01
2.516646557071960331e+02 1.810792959057071982e+02 3.728824441687344660e+01
2.514848635235732104e+02 1.806903070719602908e+02 3.681850186104218636e+01
2.519850806451613039e+02 1.774684243176178597e+02 3.418596464019851311e+01
2.517981544665012450e+02 1.771695409429280517e+02 3.380871588089330260e+01
2.517204869727047196e+02 1.770890973945409428e+02 3.367509305210918313e+01
2.516473945409429405e+02 1.770584212158808839e+02 3.344258684863523712e+01
2.517488368486352499e+02 1.813638027295285440e+02 3.861743176178659809e+01
2.517451767990074529e+02 1.813683002481389508e+02 3.862366625310173873e+01
2.516816222084367212e+02 1.815855303970223247e+02 3.865206265508685135e+01
2.516275434243176221e+02 1.817773728287841095e+02 3.917881513647643033e+01
2.516573976426799106e+02 1.818698356079404448e+02 3.931049937965260455e+01
2.516120347394540886e+02 1.817736197270471337e+02 3.909071029776674777e+01
2.515154931761786656e+02 1.814922456575682475e+02 3.857178970223325365e+01
2.514901054590570766e+02 1.814458591811414294e+02 3.833266129032258362e+01
2.515738523573201064e+02 1.815652915632754230e+02 3.855660669975186039e+01
2.516480614143920604e+02 1.817428194789081886e+02 3.881757133995036924e+01
2.516572890818858639e+02 1.818982785359801539e+02 3.885891749379652538e+01
2.514845998759305132e+02 1.825156482630272876e+02 3.967016129032258220e+01
2.515553504962779243e+02 1.826917803970223417e+02 3.981812965260545667e+01
2.516589330024813762e+02 1.828691532258064569e+02 3.983822890818858298e+01
2.517094913151364892e+02 1.829781637717121612e+02 3.993140508684863477e+01
2.515083126550868542e+02 1.825433002481389622e+02 3.940811104218362004e+01
2.517683312655086922e+02 1.798287065756823893e+02 3.731201923076923066e+01
2.517682847394540886e+02 1.798451923076923151e+02 3.718923697270471251e+01
2.517734181141439080e+02 1.799410359801488823e+02 3.747797766749379633e+01
2.517058933002481353e+02 1.802150279156327599e+02 3.760164392059553506e+01
2.516852667493796503e+02 1.830157723325062022e+02 4.081543114143920548e+01
2.517445254342431724e+02 1.831407413151364665e+02 4.086155397022332636e+01
2.516525744416873351e+02 1.835411290322580555e+02 4.102343362282878303e+01
2.515797456575682247e+02 1.837943083126550903e+02 4.124402915632754230e+01
2.515496588089330032e+02 1.840971153846153925e+02 4.161847084367245486e+01
2.515654311414392055e+02 1.843819323821339822e+02 4.203056761786600504e+01
2.514932382133995077e+02 1.849842121588089299e+02 4.254526985111662185e+01
2.514842431761786656e+02 1.855279466501240790e+02 4.325493176178660093e+01
2.515130583126550903e+02 1.859142834987593176e+02 4.368031947890818856e+01
2.515580645161290363e+02 1.864227822580645295e+02 4.408658498759304933e+01
2.515305055831265406e+02 1.870732009925558259e+02 4.458134305210918313e+01
2.515804590570719483e+02 1.876984336228287873e+02 4.520719602977667506e+01
2.515816066997518590e+02 1.882067152605459057e+02 4.571474875930520909e+01
2.516315446650123988e+02 1.888402915632754286e+02 4.616836228287841237e+01
2.516071960297766736e+02 1.890212468982630298e+02 4.633002481389578264e+01
2.512953629032257936e+02 1.880339795285359799e+02 4.551958746898262831e+01
2.517101581885856092e+02 1.849594913151364892e+02 4.300995657568238073e+01
2.516446960297766680e+02 1.848501861042183521e+02 4.288453784119106871e+01
2.516049937965260597e+02 1.849179590570719540e+02 4.279598325062034547e+01
2.514915167493796559e+02 1.850256823821339935e+02 4.288725186104218068e+01
2.514950682382134062e+02 1.852196029776675061e+02 4.294210607940446778e+01
2.515067928039702281e+02 1.854416873449131629e+02 4.316298076923077076e+01
2.514656172456575689e+02 1.858920130272952917e+02 4.351577233250620225e+01
2.514566532258064626e+02 1.860914547146402072e+02 4.372189826302729188e+01
2.514422456575682361e+02 1.861262872208436647e+02 4.374483560794044479e+01
2.512573511166253013e+02 1.852952388337469074e+02 4.259919354838709893e+01
2.512515043424317582e+02 1.840392059553349782e+02 4.141794354838709324e+01
2.512130893300248147e+02 1.839500310173697244e+02 4.105773883374689603e+01
2.512444944168734366e+02 1.839496122828784053e+02 4.100690136476426773e+01
2.512898263027295229e+02 1.839797301488833625e+02 4.121353908188585535e+01
2.514256358560793956e+02 1.843806761786600532e+02 4.165972394540943213e+01
2.514754807692307566e+02 1.846003722084367382e+02 4.197504652605459086e+01
2.515342431761786486e+02 1.848075217121588025e+02 4.230057382133995247e+01
2.515390818858560920e+02 1.851685328784119235e+02 4.230303970223324939e+01
2.515057071960297890e+02 1.855200217121588082e+02 4.283709677419354733e+01
2.515001705955334899e+02 1.860500000000000114e+02 4.355837468982630156e+01
2.514773573200992587e+02 1.867523573200992644e+02 4.397721774193548328e+01
2.514799627791563239e+02 1.872504652605458944e+02 4.446400434243176392e+01
2.514927109181141418e+02 1.878800558312655085e+02 4.510479218362282694e+01
2.515638182382134005e+02 1.882669509925558202e+02 4.546797456575682617e+01
2.515735111662530983e+02 1.885185949131513610e+02 4.578774813895781648e+01
2.512507754342431667e+02 1.875376705955335126e+02 4.483041253101737311e+01
2.513996743176178654e+02 1.857765043424317639e+02 4.338891129032258220e+01
2.513555055831265577e+02 1.855415477667493747e+02 4.302638027295285639e+01
2.513213399503722201e+02 1.855543269230769283e+02 4.292735732009925442e+01
2.512721308933002433e+02 1.855750775434243280e+02 4.291174007444168836e+01
2.513005738213399525e+02 1.856588089330024900e+02 4.278151364764268294e+01
2.512921526054590515e+02 1.856325062034739517e+02 4.281312034739453765e+01
2.512701457816377228e+02 1.855181451612903345e+02 4.270347394540942787e+01
2.513182227047146284e+02 1.855575527295285383e+02 4.253484801488833966e+01
2.512684243176178711e+02 1.855288306451612925e+02 4.249747208436724577e+01
2.511593672456575632e+02 1.852447115384615302e+02 4.233491004962779414e+01
2.512063120347394545e+02 1.852982630272952917e+02 4.241130583126550846e+01
2.512695719602977533e+02 1.853718672456575689e+02 4.257143300248139184e+01
2.513094602977667478e+02 1.854089795285359799e+02 4.249533188585608201e+01
2.513484491315136609e+02 1.854892524813895704e+02 4.239024503722084347e+01
2.513980459057071926e+02 1.855758839950372305e+02 4.230310173697270670e+01
2.514523728287841209e+02 1.856909894540942787e+02 4.265336538461538396e+01
2.514690756823821403e+02 1.857703939205955237e+02 4.287737282878411804e+01
2.514553504962779016e+02 1.859031482630273047e+02 4.292171215880892987e+01
2.514190756823821289e+02 1.858653070719603022e+02 4.275739764267989784e+01
2.514212158808932998e+02 1.857856699751860958e+02 4.276338399503722343e+01
2.513626085607940581e+02 1.857681141439205987e+02 4.214882133995037350e+01
2.513380428039702110e+02 1.856773728287841152e+02 4.221271712158809208e+01
2.513353132754342312e+02 1.856193083126550789e+02 4.225504032258064768e+01
2.513766129032258050e+02 1.856540167493796503e+02 4.238010235732009789e+01
2.513785514888337502e+02 1.857271401985111652e+02 4.237143300248138900e+01
2.514285359801488937e+02 1.857942152605459114e+02 4.229956575682382436e+01
2.514576923076922981e+02 1.842308002481389622e+02 4.111673387096774235e+01
2.513525899503722201e+02 1.836342741935483787e+02 4.043585607940446636e+01
2.512791563275434328e+02 1.833746122828784166e+02 4.011961848635235839e+01
2.513191377171215777e+02 1.834392990074441627e+02 4.009297456575682617e+01
2.513527140198511063e+02 1.834899813895781620e+02 4.013970223325061681e+01
2.513972704714640258e+02 1.835613678660049572e+02 4.010504032258064200e+01
2.514374379652605569e+02 1.836614609181141304e+02 4.017251861042183947e+01
2.514587003722084262e+02 1.837225651364764190e+02 4.020108560794044905e+01
2.514498604218362345e+02 1.837751861042183634e+02 4.025989454094293052e+01
2.514767524813895818e+02 1.837606699751860901e+02 4.052379032258064484e+01
2.515095843672456510e+02 1.838811569478908154e+02 4.040369106699751711e+01
2.515273263027295343e+02 1.839224100496277856e+02 4.076369416873448870e+01
2.515377791563275309e+02 1.840669354838709637e+02 4.083247518610421878e+01
2.515470688585608059e+02 1.842042803970223304e+02 4.112098325062034831e+01
2.514857320099255560e+02 1.844169820099255617e+02 4.137465880893299897e+01
2.515258995037220870e+02 1.846634305210918114e+02 4.145235732009925300e+01
2.514878722084367269e+02 1.848816997518610492e+02 4.144018300248139042e+01
2.514910669975186011e+02 1.850247673697270443e+02 4.169398263027295570e+01
2.515122208436724520e+02 1.851515043424317639e+02 4.141043734491314865e+01
2.515126085607940354e+02 1.852484801488833739e+02 4.168190136476426488e+01
2.515178970223325052e+02 1.854118796526054496e+02 4.215533498759305076e+01
2.515296526054590629e+02 1.856326147642679985e+02 4.243619727047146739e+01
2.515192462779156415e+02 1.858265818858560863e+02 4.251099565756823750e+01
2.515067462779156244e+02 1.860489454094292796e+02 4.261754032258064484e+01
2.514794044665012507e+02 1.862286910669975271e+02 4.276237593052109531e+01
2.514668114143920548e+02 1.863873604218362345e+02 4.292783808933002376e+01
2.513485576923076792e+02 1.856665322580645068e+02 4.201547766749379775e+01
2.516521867245657518e+02 1.835684863523573256e+02 4.041344602977667222e+01
2.516153225806451701e+02 1.834831730769230660e+02 4.014157878411910474e+01
2.515659119106699677e+02 1.835476736972704828e+02 4.015414081885855779e+01
2.515428970223325109e+02 1.836766749379652595e+02 4.027078163771712127e+01
2.515580334987593005e+02 1.838103753101736970e+02 4.032729528535980279e+01
2.515118021091811329e+02 1.839624379652605342e+02 4.044223014888337531e+01
2.515051178660049516e+02 1.842062189826302756e+02 4.081591191066997482e+01
2.515417648883374682e+02 1.843456575682382095e+02 4.080272952853597701e+01
2.515290322580645181e+02 1.843225496277915738e+02 4.075888647642680240e+01
2.513483715880893214e+02 1.838225186104218380e+02 4.010572270471463696e+01
2.512578318858560920e+02 1.835416408188585535e+02 3.953005583126550704e+01
2.512416873449131458e+02 1.833932537220843813e+02 3.966983560794044905e+01
2.512947425558312773e+02 1.834730769230769170e+02 3.943439826302729756e+01
2.513111817617865995e+02 1.834320254342431724e+02 3.962588399503722059e+01
2.513521712158809009e+02 1.835537065756823836e+02 3.977368176178659809e+01
2.514356079404466584e+02 1.836876085607940468e+02 4.008146712158809066e+01
2.513111817617865995e+02 1.843743486352357195e+02 4.036310483870967403e+01
2.513790167493796446e+02 1.844937189826302699e+02 4.057541873449131486e+01
2.514226426799007470e+02 1.845354218362282950e+02 4.082200682382134005e+01
2.514505272952853545e+02 1.845904311414392112e+02 4.093162220843672117e+01
2.514981079404466584e+02 1.847191842431761870e+02 4.086626861042183378e+01
2.514904621588089242e+02 1.847903535980148888e+02 4.053138957816376831e+01
2.513483095533498783e+02 1.845107630272952974e+02 4.024072580645161423e+01
2.516034274193548299e+02 1.825267214640198574e+02 3.881794354838709893e+01
2.515662996277915511e+02 1.820400899503722201e+02 3.818213399503721917e+01
2.515392834987593176e+02 1.820209057071960217e+02 3.828722084367245770e+01
2.515026364764268010e+02 1.820933622828784166e+02 3.833680210918114284e+01
2.515571339950372192e+02 1.822110576923076906e+02 3.847392990074441599e+01
2.515720998759305189e+02 1.823040167493796559e+02 3.832467431761786258e+01
2.515717431761786713e+02 1.823106544665012336e+02 3.860339640198510835e+01
2.516089019851116575e+02 1.824377481389578293e+02 3.853280086848635477e+01
2.516608560794044536e+02 1.825531327543424425e+02 3.857030086848634909e+01
2.516077853598014826e+02 1.824411910669975327e+02 3.855952233250620509e+01
2.515554590570719711e+02 1.823783033498759210e+02 3.844930210918114000e+01
2.514749689826302870e+02 1.822278846153846246e+02 3.829691377171215549e+01
2.514225341191067002e+02 1.820263647642679814e+02 3.777940446650124073e+01
2.514379497518610549e+02 1.820257133995037293e+02 3.785017059553349839e+01
2.514965725806451644e+02 1.820792183622828873e+02 3.788816687344912992e+01
2.515799782878411861e+02 1.822047301488833853e+02 3.799455645161290107e+01
2.516543889578163657e+02 1.822682227047146455e+02 3.825697890818858582e+01
2.517172301488833739e+02 1.825563120347394488e+02 3.860164392059553506e+01
2.517034739454094279e+02 1.827428504962779243e+02 3.838142059553349839e+01
2.517258839950372078e+02 1.827624534739454134e+02 3.846070099255582875e+01
2.514705955334987664e+02 1.816836538461538453e+02 3.756146091811414323e+01
2.518014112903225907e+02 1.791809243176178654e+02 3.541691997518610435e+01
2.517544975186104352e+02 1.789764423076923094e+02 3.480697890818858298e+01
2.516801954094292739e+02 1.790189050868486333e+02 3.499995347394541056e+01
2.516398573200992530e+02 1.793157102977667421e+02 3.518852357320099600e+01
2.517930210918114255e+02 1.820938740694789146e+02 3.887852047146402157e+01
2.518546526054590515e+02 1.822852047146402015e+02 3.896978908188585677e+01
2.518214795285359742e+02 1.826543269230769226e+02 3.898869416873449012e+01
2.518156482630272990e+02 1.828830490074441570e+02 3.925780086848634909e+01
2.517865384615384698e+02 1.828988678660049629e+02 3.911045285359801227e+01
2.517385235732009789e+02 1.828616160049627695e+02 3.911344602977667506e+01
2.517209367245657461e+02 1.829355148883374795e+02 3.912465880893299897e+01
2.517415012406947881e+02 1.829862593052109219e+02 3.925234181141438938e+01
2.517468052109181258e+02 1.831427419354838833e+02 3.943083126550868656e+01
2.517738833746898308e+02 1.833100651364764246e+02 3.966108870967742206e+01
2.517146401985111765e+02 1.834110576923076792e+02 3.980113213399503991e+01
2.516920440446650105e+02 1.836218052109181258e+02 3.986298076923076650e+01
2.516502171215880992e+02 1.839913306451612982e+02 4.020367555831265349e+01
2.516507754342431724e+02 1.842184708436724634e+02 4.021484181141439507e+01
2.515882909429280403e+02 1.843024193548387188e+02 4.049291253101736743e+01
2.515648107940446607e+02 1.842894696029776753e+02 4.053940756823821090e+01
2.514661600496278027e+02 1.830130428039702224e+02 3.930983250620347746e+01
2.513979838709677495e+02 1.821106544665012450e+02 3.835674627791563296e+01
2.513424472704714674e+02 1.819342121588089469e+02 3.793128101736972724e+01
2.513458436724565672e+02 1.818871743176178768e+02 3.811924627791563580e+01
2.513230924317617792e+02 1.818883219602977590e+02 3.796752481389577838e+01
2.514284584367245543e+02 1.820088244416873522e+02 3.815485421836228142e+01
2.515712624069478807e+02 1.822413616625310055e+02 3.855359801488833682e+01
2.517003877171216004e+02 1.826750775434243224e+02 3.918304900744416841e+01
2.517375620347394545e+02 1.830864609181141418e+02 3.945074441687344802e+01
2.517214485111662441e+02 1.833750930521091789e+02 3.950719602977667222e+01
2.516542028535980080e+02 1.836666718362282893e+02 3.966529156327543149e+01
2.516051488833746816e+02 1.838620347394540886e+02 4.010959987593052034e+01
2.513479528535980023e+02 1.842081110421836172e+02 4.030497828784118752e+01
2.513972704714640258e+02 1.843455334987592948e+02 4.036022022332506509e+01
2.514455645161290249e+02 1.843843672456575575e+02 4.077572890818858298e+01
2.515331420595533416e+02 1.844931916873449040e+02 4.090646712158808640e+01
2.515745967741935374e+02 1.845633995037220814e+02 4.098911290322580925e+01
2.516275279156327542e+02 1.847504342431761870e+02 4.115276054590570709e+01
2.515433467741935374e+02 1.852947735732009846e+02 4.172120037220843614e+01
2.515366470223325166e+02 1.856681916873449154e+02 4.194888337468982797e+01
2.515125310173697244e+02 1.856851892059553393e+02 4.170046526054590430e+01
2.517218672456575632e+02 1.834604528535980137e+02 3.999953473945409144e+01
2.516120657568238244e+02 1.832966346153846189e+02 3.966223635235731848e+01
2.516457661290322676e+02 1.833133839950372135e+02 3.990936724565757032e+01
2.516090415632754400e+02 1.835136011166253240e+02 4.000119416873449296e+01
2.516308312655086752e+02 1.837819944168734594e+02 4.015708746898263115e+01
2.516048697270471450e+02 1.839661445409429348e+02 4.061181761786600219e+01
2.515907413151364835e+02 1.842307382133994906e+02 4.069235421836228284e+01
2.516074286600496350e+02 1.844365384615384755e+02 4.079886786600496151e+01
2.515324131513647501e+02 1.844767059553349782e+02 4.082126240694788777e+01
2.515448045905707204e+02 1.845209832506203611e+02 4.103376240694789345e+01
2.515423697270471450e+02 1.846041253101736856e+02 4.093213399503721917e+01
2.515518920595533530e+02 1.847190601736972724e+02 4.108190136476427057e+01
2.515810949131513610e+02 1.848653225806451701e+02 4.107743486352357110e+01
2.515071339950372078e+02 1.851094913151364665e+02 4.154375000000000284e+01
2.514833281637717164e+02 1.853031637717121498e+02 4.175058933002481609e+01
2.514804125310173788e+02 1.854498759305211024e+02 4.191197270471464265e+01
2.514480303970223360e+02 1.856870347394541056e+02 4.180860732009925584e+01
2.514734336228287930e+02 1.859296370967742007e+02 4.218458436724565530e+01
2.514300713399503593e+02 1.863109181141439308e+02 4.254126861042183805e+01
2.515127946650123931e+02 1.866419820099255560e+02 4.286273263027295144e+01
2.514476736972704600e+02 1.870850341191066946e+02 4.314097394540942787e+01
2.514892524813895704e+02 1.873109491315136381e+02 4.345938275434242826e+01
2.515073821339950371e+02 1.875111197270471450e+02 4.350097704714639946e+01
2.514450527295285269e+02 1.873370812655086866e+02 4.349553349875930763e+01
2.515647952853597928e+02 1.851118951612903345e+02 4.121975806451612812e+01
2.514744416873449211e+02 1.847865849875930451e+02 4.091916873449131486e+01
2.513763337468982684e+02 1.846433777915632675e+02 4.081222084367245628e+01
2.513920750620347349e+02 1.846607165012406995e+02 4.094139267990074416e+01
2.514327078163771603e+02 1.848224875930521023e+02 4.092256513647642890e+01
2.514393610421836343e+02 1.850577233250620282e+02 4.138897332506203242e+01
2.514588244416873408e+02 1.852214174937965367e+02 4.160041873449131344e+01
2.515069168734491427e+02 1.853553504962779073e+02 4.176662531017369417e+01
2.515233405707195971e+02 1.855543734491315035e+02 4.190052729528535735e+01
2.514515198511166147e+02 1.857312655086848565e+02 4.200252791563275423e+01
2.514486352357320129e+02 1.858103753101736970e+02 4.190952233250620651e+01
2.514448045905707261e+02 1.858204714640198461e+02 4.200108560794044621e+01
2.514060018610421707e+02 1.860513492555831192e+02 4.220552109181141276e+01
2.514549627791563182e+02 1.861783033498759323e+02 4.236276364764268010e+01
2.514503101736972610e+02 1.863785359801488823e+02 4.243087779156327599e+01
2.514604528535980137e+02 1.865172456575682247e+02 4.262938895781637427e+01
2.514098325062034860e+02 1.868689361042183634e+02 4.279342431761786258e+01
2.514380893300248090e+02 1.870318238213399411e+02 4.292758995037220870e+01
2.514535049627791636e+02 1.871629652605459171e+02 4.305604838709677296e+01
2.514858405707196027e+02 1.872861662531017259e+02 4.303889578163772001e+01
2.515025744416873579e+02 1.874232940446649991e+02 4.328787220843672401e+01
2.514718982630272990e+02 1.877040167493796616e+02 4.352175868486352073e+01
2.514872828784119179e+02 1.878949441687344972e+02 4.371426799007443975e+01
2.515241625310173674e+02 1.880306141439205874e+02 4.413321960297766822e+01
2.515078939205955351e+02 1.881577388337468904e+02 4.419798387096773951e+01
2.512616315136476430e+02 1.872984646401985174e+02 4.318010235732010216e+01
2.514991625310173617e+02 1.848893455334987550e+02 4.151115074441687369e+01
2.512637096774193424e+02 1.847573666253101692e+02 4.100597084367245770e+01
2.513806916873449211e+02 1.849642524813895648e+02 4.113928349875930479e+01
2.515056141439205817e+02 1.851180366004962821e+02 4.131129032258064626e+01
2.515306761786600589e+02 1.853402140198511177e+02 4.154012096774193452e+01
2.515381048387096712e+02 1.855827543424317696e+02 4.198428970223324797e+01
2.514958126550868371e+02 1.858576612903225680e+02 4.208087779156327457e+01
2.515138027295285497e+02 1.860807847394540886e+02 4.230181451612903487e+01
2.514610111662531153e+02 1.861618021091811386e+02 4.235237282878411946e+01
2.514270161290322676e+02 1.862444323821339935e+02 4.213658498759305360e+01
2.513872053349875841e+02 1.861943238213399638e+02 4.219621588089329833e+01
2.513660359801488937e+02 1.862271712158809009e+02 4.200845223325062250e+01
2.512927574441687284e+02 1.861281482630272990e+02 4.191777295285359628e+01
2.512305986352357365e+02 1.860300868486352499e+02 4.156723014888337531e+01
2.511920595533498783e+02 1.860020626550868599e+02 4.163905086848635051e+01
2.512866004962779130e+02 1.860731389578163828e+02 4.186236042183622885e+01
2.513252481389578179e+02 1.861456885856079282e+02 4.199316066997518959e+01
2.514111042183622828e+02 1.863075527295285383e+02 4.219053970223325223e+01
2.514418114143920491e+02 1.864547456575682247e+02 4.249043114143920263e+01
2.514790632754342425e+02 1.866659274193548299e+02 4.265207816377171213e+01
2.514932537220843756e+02 1.868426178660049572e+02 4.268273883374689603e+01
2.514740539702233377e+02 1.869980303970223190e+02 4.263425868486352499e+01
2.514784894540943014e+02 1.871726736972704828e+02 4.289798387096774235e+01
2.515368951612903174e+02 1.873280707196029766e+02 4.290899503722084063e+01
2.514884925558312716e+02 1.873910825062034746e+02 4.300705645161290391e+01
2.513867866004962650e+02 1.858913616625310112e+02 4.192087468982630583e+01
2.515329714640198517e+02 1.842414236972704771e+02 4.067931141439206044e+01
2.514453784119106672e+02 1.841252326302729614e+02 4.014302109181141276e+01
2.514262872208436761e+02 1.841172766749379548e+02 4.032299937965260739e+01
2.513974100496277799e+02 1.844825062034739460e+02 4.011566377171215692e+01
2.513992090570719711e+02 1.847015043424317753e+02 4.042366625310173589e+01
2.514492710918114255e+02 1.849796991315136552e+02 4.071440756823821516e+01
2.514615539702233207e+02 1.850892679900744326e+02 4.113773263027295002e+01
2.514807071960297833e+02 1.851759305210918001e+02 4.117174317617865853e+01
2.514409584367245714e+02 1.852251395781637768e+02 4.119342431761786827e+01
2.514196339950372305e+02 1.852471929280397092e+02 4.109861972704714361e+01
2.514730303970223417e+02 1.852962779156327429e+02 4.123487903225806406e+01
2.514496898263027163e+02 1.855168114143920661e+02 4.124955024813895932e+01
2.514411910669975327e+02 1.856620037220843642e+02 4.144494416873449438e+01
2.514081420595533416e+02 1.859142524813895818e+02 4.176574131513647359e+01
2.514319323821339935e+02 1.859964330024813819e+02 4.180595533498759409e+01
2.514590880893300380e+02 1.861930521091811386e+02 4.171091811414392225e+01
2.514018920595533473e+02 1.862729528535980137e+02 4.205517990074442025e+01
2.514387717121587968e+02 1.863362903225806519e+02 4.208416563275434186e+01
2.514305055831265463e+02 1.863828163771712241e+02 4.213360732009925869e+01
2.514249844913151435e+02 1.864301954094292739e+02 4.226665632754342283e+01
2.514341346153846075e+02 1.866724410669975214e+02 4.254353287841190934e+01
2.514671836228287702e+02 1.868564050868486390e+02 4.247802419354838577e+01
2.514853442928039726e+02 1.872012251861042103e+02 4.254703784119107013e+01
2.512356079404466414e+02 1.867409119106699791e+02 4.203315756823821658e+01
2.516402450372208364e+02 1.841680676178660008e+02 3.998520471464019721e+01
2.515548076923076906e+02 1.840354838709677381e+02 3.976571029776675203e+01
2.515068703473945391e+02 1.841031327543424254e+02 3.979185794044664704e+01
2.515752171215880821e+02 1.843523107940446550e+02 3.997549627791563154e+01
2.515897487593052233e+02 1.847089950372208307e+02 4.051392679900744298e+01
2.515855769230769283e+02 1.850166253101737084e+02 4.078070719602977334e+01
2.515616780397022296e+02 1.853052419354838776e+02 4.096985111662530699e+01
2.515034429280397035e+02 1.855233560794044649e+02 4.138266129032258078e+01
2.515292803970223190e+02 1.855979063275434271e+02 4.144005893300248289e+01
2.515056606699751853e+02 1.856642524813895818e+02 4.156912220843672401e+01
2.515099410669975271e+02 1.858094913151364835e+02 4.149965880893299897e+01
2.511731544665012450e+02 1.864182071960297833e+02 4.194447890818858582e+01
2.512928194789081999e+02 1.865725496277915738e+02 4.205888647642679956e+01
2.513704404466501217e+02 1.866696029776674948e+02 4.227472084367245486e+01
2.514447580645161224e+02 1.869196650124069379e+02 4.258193238213399212e+01
2.514769230769230717e+02 1.871946339950372078e+02 4.265626550868486078e+01
2.515004032258064512e+02 1.874221464019851169e+02 4.311409739454094137e+01
2.515178660049627695e+02 1.878402605459057213e+02 4.331490384615384670e+01
2.515357940446650105e+02 1.881935173697270614e+02 4.379478908188585962e+01
2.516263647642680041e+02 1.887095843672456681e+02 4.439830955334987550e+01
2.516413306451613039e+02 1.889528535980148831e+02 4.463779466501240734e+01
2.516486042183622942e+02 1.890601271712158677e+02 4.470192307692308020e+01
2.513779621588089412e+02 1.884172766749379662e+02 4.405065136476427057e+01
2.512194323821339879e+02 1.875134770471464094e+02 4.343017990074442025e+01
2.511712779156327429e+02 1.874826612903225680e+02 4.308712779156327599e+01
2.511883064516129025e+02 1.875010700992555712e+02 4.326616004962779272e+01
2.512461848635235810e+02 1.875872363523573085e+02 4.347521712158808782e+01
2.512763647642679814e+02 1.877190136476426687e+02 4.360821960297766964e+01
2.513837158808933054e+02 1.879485266749379662e+02 4.365524193548387188e+01
2.514614919354838776e+02 1.881789857320099202e+02 4.398259925558312489e+01
2.515168889578163771e+02 1.883722549627791523e+02 4.420973945409429007e+01
2.515483715880893385e+02 1.885602512406947824e+02 4.446493486352357394e+01
2.515279776674937864e+02 1.886362282878411918e+02 4.464433933002481325e+01
2.515184243176178711e+02 1.886821650124069549e+02 4.452000620347394744e+01
2.515684553349875898e+02 1.887740539702233207e+02 4.470299317617865853e+01
2.516106544665012450e+02 1.890314516129032256e+02 4.492116935483871032e+01
2.516079869727047083e+02 1.891687965260545923e+02 4.512802419354838435e+01
2.516031947890818969e+02 1.894921215880893328e+02 4.528995037220843756e+01
2.515845533498759323e+02 1.896244416873449268e+02 4.543970223325062108e+01
2.516494416873449040e+02 1.898439826302729614e+02 4.552282878411910616e+01
2.516647952853598156e+02 1.899858560794044706e+02 4.575719602977667222e+01
2.516451612903225907e+02 1.902708901985111538e+02 4.598967121588089668e+01
2.516531017369727010e+02 1.905258064516129082e+02 4.621158498759304933e+01
2.515459522332506310e+02 1.887314050868486390e+02 4.434317617866005179e+01
2.516062034739454134e+02 1.888171836228287930e+02 4.434821650124069237e+01
2.515278691066997396e+02 1.887489143920595609e+02 4.412827233250620651e+01
2.515580800248139042e+02 1.866287220843672401e+02 4.210122518610421594e+01
2.513800868486352442e+02 1.862924937965260597e+02 4.165245037220843471e+01
2.513446960297766850e+02 1.862042338709677551e+02 4.160738213399503849e+01
2.513822580645161224e+02 1.862552574441687341e+02 4.191843982630273047e+01
2.514176178660049743e+02 1.863690756823821459e+02 4.187113833746898450e+01
2.514723014888337502e+02 1.866054280397022467e+02 4.217842741935483986e+01
2.514963399503722030e+02 1.867959057071960274e+02 4.215204714640198347e+01
2.514362903225806463e+02 1.870276364764268067e+02 4.248936104218362431e+01
2.514441997518610492e+02 1.870386786600496407e+02 4.239477357320099316e+01
2.514092431761786486e+02 1.870040632754342482e+02 4.253787220843672401e+01
2.514110732009925471e+02 1.870524348635235867e+02 4.233379342431761927e+01
2.514143300248138928e+02 1.870901985111662498e+02 4.260535049627791437e+01
2.514446495037220757e+02 1.872697270471464037e+02 4.252665942928040010e+01
2.514350341191066889e+02 1.873094913151364835e+02 4.246397332506203526e+01
2.514332971464019977e+02 1.873000000000000114e+02 4.244558002481389281e+01
2.513938275434243224e+02 1.871906017369726953e+02 4.263548387096773951e+01
2.513999069478908268e+02 1.872369727047146455e+02 4.251643920595533643e+01
2.513980303970223247e+02 1.872512251861042216e+02 4.248250620347394602e+01
2.514235266749379605e+02 1.873272177419354705e+02 4.261254652605459370e+01
2.514786600496277913e+02 1.874571339950372248e+02 4.249423076923076792e+01
2.514963089330024673e+02 1.874820409429280517e+02 4.268655397022332210e+01
2.514572115384615358e+02 1.876444633995037350e+02 4.299151674937965595e+01
2.515179435483871089e+02 1.878714485111662498e+02 4.304109801488833398e+01
2.515503566997518590e+02 1.880737282878411918e+02 4.331909119106699535e+01
2.513388647642679814e+02 1.876031637717121612e+02 4.282279776674938176e+01
2.512633219602977590e+02 1.854933002481389508e+02 4.103002481389577838e+01
2.511792959057071926e+02 1.852579249379652708e+02 4.067951302729528607e+01
2.511984646401985231e+02 1.852138027295285383e+02 4.071910669975186181e+01
2.512334212158808953e+02 1.852469447890818799e+02 4.065687034739453765e+01
2.513077698511166318e+02 1.852893300248138928e+02 4.084559553349875927e+01
2.513366315136476317e+02 1.853460607940446607e+02 4.089820099255582875e+01
2.513534119106699620e+02 1.854328473945409428e+02 4.079458746898262689e+01
2.513302884615384585e+02 1.853539236972704600e+02 4.067904776674937750e+01
2.512792648883374795e+02 1.852249224565756833e+02 4.042599255583126450e+01
2.512292648883374682e+02 1.850528380893300380e+02 4.041857940446649877e+01
2.511969913151364722e+02 1.849721464019850998e+02 4.021251550868486646e+01
2.512112127791563410e+02 1.849460452853598156e+02 4.024283498759304933e+01
2.512300093052109276e+02 1.849437034739454191e+02 4.024593672456575888e+01
2.512763802729528493e+02 1.849618641439205931e+02 4.035141129032258078e+01
2.513079869727047253e+02 1.850167959057071982e+02 4.041875000000000284e+01
2.513216191066997567e+02 1.850723325062034803e+02 4.030235732009925442e+01
2.512633374689826269e+02 1.849818548387096655e+02 3.995297766749379775e+01
2.512201767990074472e+02 1.848667959057071926e+02 3.995212468982630583e+01
2.512091966501240563e+02 1.848235421836228340e+02 3.983142059553350123e+01
2.512283808933002547e+02 1.847393455334987493e+02 3.972245657568237931e+01
2.512744882133995077e+02 1.847277295285359742e+02 3.998149813895781790e+01
2.513097704714640201e+02 1.847822270471463924e+02 4.001341501240694498e+01
2.513875620347394602e+02 1.849288461538461661e+02 4.004367245657568475e+01
2.513848325062034803e+02 1.849661600496278027e+02 3.992772952853597701e+01
2.513433777915632845e+02 1.850041408188585592e+02 4.015592431761786685e+01
2.512657413151364665e+02 1.840508064516129139e+02 3.938156017369727380e+01
2.516432537220843813e+02 1.820886476426798879e+02 3.789404466501240876e+01
2.515559398263027333e+02 1.819573821339950257e+02 3.740397022332506083e+01
2.515250930521091846e+02 1.819154466501240677e+02 3.721122828784118752e+01
2.514926023573200951e+02 1.819740074441687341e+02 3.707906327543424396e+01
2.514718207196029880e+02 1.819679280397022296e+02 3.678371588089329691e+01
2.514103132754342482e+02 1.816915632754342482e+02 3.655696339950372220e+01
2.513935018610421821e+02 1.815214950372208307e+02 3.664105148883374596e+01
2.514096308933002604e+02 1.814601426799007413e+02 3.662118486352357394e+01
2.513449906947890895e+02 1.812829249379652481e+02 3.638303349875930337e+01
2.512148107940446664e+02 1.808191687344913134e+02 3.582557382133995105e+01
2.512194478908188557e+02 1.807014267990074359e+02 3.576744727047146455e+01
2.512654466501240620e+02 1.807778225806451644e+02 3.570217121588089526e+01
2.513573511166253240e+02 1.809079714640198517e+02 3.588535980148883198e+01
2.514545750620347349e+02 1.810351581885855978e+02 3.608323511166253184e+01
2.515312965260546036e+02 1.812415012406947881e+02 3.664542493796525946e+01
2.516249379652605569e+02 1.816032878411910758e+02 3.677890818858561062e+01
2.516414857320099259e+02 1.818326767990074302e+02 3.687858250620347178e+01
2.516737282878411861e+02 1.818967276674937921e+02 3.711395781637717306e+01
2.516891129032258050e+02 1.820707351116625432e+02 3.717948200992555741e+01
2.517235421836228397e+02 1.822055366004962877e+02 3.765697890818858440e+01
2.516700837468982570e+02 1.824831420595533586e+02 3.783661600496277799e+01
2.517277915632754457e+02 1.826303660049627808e+02 3.794869727047146313e+01
2.517547301488833682e+02 1.829562500000000114e+02 3.826398883374690030e+01
2.517793889578163657e+02 1.831917648883374738e+02 3.858379342431761927e+01
2.517238213399503763e+02 1.833117400744417012e+02 3.853216501240694924e+01
2.515174317617866109e+02 1.823177729528536020e+02 3.752289081885856348e+01
2.515377791563275309e+02 1.809186414392059419e+02 3.655432692307692122e+01
2.515314205955334899e+02 1.807193238213399411e+02 3.639328473945409570e+01
2.514907878411910644e+02 1.809368951612903231e+02 3.661563275434242826e+01
2.516024038461538339e+02 1.815025899503721973e+02 3.702597704714640514e+01
2.516623914392059476e+02 1.816840260545905608e+02 3.720545905707196255e+01
2.516762251861042046e+02 1.820577543424317639e+02 3.736727667493796190e+01
2.517217121588089412e+02 1.823011011166253184e+02 3.797842741935483701e+01
2.517460452853597985e+02 1.824602512406947881e+02 3.816025124069479091e+01
2.514316532258064569e+02 1.827625620347394602e+02 3.817279776674938319e+01
2.513755583126550732e+02 1.826561879652605569e+02 3.787548076923076934e+01
2.513630272952853488e+02 1.825991625310173561e+02 3.793134305210918455e+01
2.514182537220843585e+02 1.826125620347394545e+02 3.818689516129032313e+01
2.515146712158808953e+02 1.826945874689826326e+02 3.849381203473945590e+01
2.516263337468982684e+02 1.828738833746898251e+02 3.843971774193548185e+01
2.516453318858560806e+02 1.829458281637717221e+02 3.841842431761786258e+01
2.516507133995037293e+02 1.829492400744416898e+02 3.848610421836228568e+01
2.515878101736972781e+02 1.828629032258064626e+02 3.812392990074441457e+01
2.514251395781637655e+02 1.825674007444168865e+02 3.769590570719603306e+01
2.514170595533498727e+02 1.824606389578163714e+02 3.761929280397022524e+01
2.514373449131513780e+02 1.824258684863523570e+02 3.772338709677419644e+01
2.514253566997518590e+02 1.825359801488833682e+02 3.740570719602977334e+01
2.514787220843672344e+02 1.826158188585608002e+02 3.754613833746898166e+01
2.516617400744416955e+02 1.829363213399503820e+02 3.834556451612903061e+01
2.517615229528535963e+02 1.832134770471463980e+02 3.875041873449131202e+01
2.517530707196029880e+02 1.835114454094292853e+02 3.873292493796525804e+01
2.515595843672456624e+02 1.830578473945409428e+02 3.845566066997518817e+01
2.513748759305210854e+02 1.814457040942928074e+02 3.680366004962779414e+01
2.513985732009925584e+02 1.811821650124069549e+02 3.658334367245657859e+01
2.514034429280397092e+02 1.811627326302729557e+02 3.674004342431761927e+01
2.514679280397022296e+02 1.814584832506203611e+02 3.694793734491315007e+01
2.515973635235731933e+02 1.816374844913151492e+02 3.714928660049627496e+01
2.516299937965260654e+02 1.818095843672456624e+02 3.749905397022332210e+01
2.516651674937965311e+02 1.822959832506203384e+02 3.805361352357319760e+01
2.516967431761786713e+02 1.828066687344913248e+02 3.867002171215880679e+01
2.517171681141439308e+02 1.832010700992555883e+02 3.893298697270471109e+01
2.517151519851116745e+02 1.833911755583126535e+02 3.898894230769230518e+01
2.516829869727047253e+02 1.834480614143920718e+02 3.902909429280396836e+01
2.516602667493796446e+02 1.834358405707195914e+02 3.907068858560793956e+01
2.516670750620347405e+02 1.833930986352357309e+02 3.921433002481389707e+01
2.516761166253101862e+02 1.835137717121588139e+02 3.908056761786600219e+01
2.516679280397022467e+02 1.836368331265508687e+02 3.909891439205955521e+01
2.516456420595533530e+02 1.837424317617866052e+02 3.927907878411910758e+01
2.516195564516129082e+02 1.839523728287841209e+02 3.972468982630272905e+01
2.516456110421836172e+02 1.841716035980148831e+02 3.967143300248138615e+01
2.516074131513647671e+02 1.841877016129032256e+02 3.972465880893300039e+01
2.515672456575682361e+02 1.841295750620347462e+02 3.948864764267990068e+01
2.515307071960297662e+02 1.840174317617866109e+02 3.953587158808932855e+01
2.514859801488833853e+02 1.839766129032257993e+02 3.940043424317617848e+01
2.514790167493796389e+02 1.839928660049627922e+02 3.929148573200992445e+01
2.514266284119106558e+02 1.838638182382134119e+02 3.910803349875930479e+01
2.514056296526054552e+02 1.838106389578163657e+02 3.882070409429280744e+01
2.514238988833746760e+02 1.838429435483870975e+02 3.872289081885855921e+01
2.514025589330024673e+02 1.837194168734491200e+02 3.872834987593051892e+01
2.514830024813895761e+02 1.821480303970223247e+02 3.772075062034739545e+01
2.513810018610421935e+02 1.814384150124069492e+02 3.675536600496278083e+01
2.513470068238213457e+02 1.810770781637717164e+02 3.668387096774193878e+01
2.512985576923076962e+02 1.810259615384615302e+02 3.632495347394540630e+01
2.512965105459057042e+02 1.809153846153846246e+02 3.639069478908188415e+01
2.513211073200992587e+02 1.809598169975186011e+02 3.612523263027295428e+01
2.513640663771712127e+02 1.809487282878411918e+02 3.637619416873449296e+01
2.514429745657568276e+02 1.811631823821339822e+02 3.647433312655086723e+01
2.514767679900744497e+02 1.812403691066997453e+02 3.660057382133994963e+01
2.515068393300248033e+02 1.813123138957816423e+02 3.669737903225806264e+01
2.515270161290322619e+02 1.813421836228287702e+02 3.674852667493796332e+01
2.515543269230769283e+02 1.813883064516128911e+02 3.659384305210917887e+01
2.515613213399503820e+02 1.813071960297766623e+02 3.671349255583126592e+01
2.515910204714640201e+02 1.813148418114143965e+02 3.663514267990074558e+01
2.515832506203473997e+02 1.814114764267989983e+02 3.664350186104218210e+01
2.513738988833746930e+02 1.817099255583126478e+02 3.691671836228287873e+01
2.514281637717121498e+02 1.817733560794044649e+02 3.700978598014888377e+01
2.514895471464019749e+02 1.818182537220843642e+02 3.722067307692307736e+01
2.515404931761786713e+02 1.819222394540942958e+02 3.706822270471464265e+01
2.515652140198511120e+02 1.818742866004962764e+02 3.744291253101737027e+01
2.516408188585608059e+02 1.820296991315136381e+02 3.723934553349875642e+01
2.516640973945409314e+02 1.820353908188585592e+02 3.742379032258064342e+01
2.516125620347394545e+02 1.820257909429280403e+02 3.720550558312655198e+01
2.515444944168734480e+02 1.819390663771712298e+02 3.688064516129032455e+01
2.515778070719603079e+02 1.820215725806451701e+02 3.713748449131513496e+01
2.516267834987592948e+02 1.821730769230769340e+02 3.712233250620347746e+01
2.515467431761786656e+02 1.821312499999999943e+02 3.686571029776674635e+01
2.515105148883374682e+02 1.804562500000000114e+02 3.526357009925558117e+01
2.514665167493796503e+02 1.793535825062034803e+02 3.459548697270471251e+01
2.514804125310173788e+02 1.792352202233250580e+02 3.425376861042183663e+01
2.515055055831265634e+02 1.792443238213399468e+02 3.430195409429280318e+01
2.515049937965260654e+02 1.794308933002481297e+02 3.439215260545906006e+01
2.518106234491315263e+02 1.819586848635235867e+02 3.766968052109181286e+01
2.518230614143920718e+02 1.821255583126550732e+02 3.737985421836228284e+01
2.517632444168734480e+02 1.822718517369727067e+02 3.739885235732010216e+01
2.517336228287841209e+02 1.823133064516129025e+02 3.746550868486352215e+01
2.516671370967741836e+02 1.821827853598014997e+02 3.739585918114143936e+01
2.516157878411910644e+02 1.820834057071960217e+02 3.715386166253101408e+01
2.516192617866005037e+02 1.821596308933002604e+02 3.730013957816377257e+01
2.516429745657568162e+02 1.824206885856079339e+02 3.733321960297766395e+01
2.516443548387096882e+02 1.825066066997518703e+02 3.766006513647642606e+01
2.516222704714640201e+02 1.824969137717121725e+02 3.762482940446650304e+01
2.517348169975186067e+02 1.826994106699751796e+02 3.791442307692307878e+01
2.517581575682382038e+02 1.829619106699751967e+02 3.808985732009925584e+01
2.517878101736972667e+02 1.832722859801488937e+02 3.858458436724566099e+01
2.517300558312655028e+02 1.834436104218362402e+02 3.865431141439206186e+01
2.517138957816377172e+02 1.834922146401985117e+02 3.855705645161290107e+01
2.516853753101736970e+02 1.835012096774193537e+02 3.839061724565756606e+01
2.516275124069478863e+02 1.834120037220843642e+02 3.830486972704714788e+01
2.516190756823821459e+02 1.834369882133995020e+02 3.812140198511166034e+01
2.516198821339950484e+02 1.833980924317617962e+02 3.852825682382133721e+01
2.515545905707195971e+02 1.832916563275434214e+02 3.849196650124069663e+01
2.516723790322580783e+02 1.812367555831265520e+02 3.659734801488833966e+01
2.515370347394541000e+02 1.808484026054590572e+02 3.587811724565757032e+01
2.514474565756823949e+02 1.807492866004962764e+02 3.549224565756824035e+01
2.514470223325062079e+02 1.808217897022332465e+02 3.559713089330024616e+01
2.515206885856079282e+02 1.810846464019851112e+02 3.614585918114143936e+01
2.517412065756823836e+02 1.822902295285359742e+02 3.725400124069479091e+01
2.517634305210918058e+02 1.835386941687344802e+02 3.916643920595533501e+01
2.517092741935483957e+02 1.843294665012406881e+02 3.993095533498759409e+01
2.515897022332506197e+02 1.849451612903225737e+02 4.047993176178660235e+01
2.515589950372208534e+02 1.851744571960297776e+02 4.074252481389578406e+01
2.515902295285359855e+02 1.853388802729528493e+02 4.096401985111662469e+01
2.515378411910670025e+02 1.854999844913151321e+02 4.100479218362282552e+01
2.515269075682382152e+02 1.858357009925558430e+02 4.111236042183622885e+01
2.515304435483870975e+02 1.862895781637717221e+02 4.158106389578163942e+01
2.515009460297766850e+02 1.865382444168734537e+02 4.198112593052109531e+01
2.514892214640198631e+02 1.867848480148883255e+02 4.231893610421835916e+01
2.515005583126550732e+02 1.870117400744416898e+02 4.234525434243176534e+01
2.514321184863523513e+02 1.871687810173697244e+02 4.238453784119106871e+01
2.514643145161290363e+02 1.871835452853597985e+02 4.241555521091811443e+01
2.514341191066997396e+02 1.872120037220843756e+02 4.245854528535980421e+01
2.515425713399503707e+02 1.874689205955334899e+02 4.258256823821339765e+01
2.515323511166253070e+02 1.878582971464019806e+02 4.309987593052109389e+01
2.515514112903225907e+02 1.882337779156327429e+02 4.368483250620347746e+01
2.513761011166253070e+02 1.887937810173697244e+02 4.406236042183623169e+01
2.513635390818858468e+02 1.887852047146402015e+02 4.394412220843672401e+01
2.511898263027295286e+02 1.877914857320099316e+02 4.330251240694789061e+01
2.511480303970223247e+02 1.871400899503722144e+02 4.259526985111662611e+01
2.511642834987593176e+02 1.871583281637716993e+02 4.230883995037221013e+01
2.511918734491315206e+02 1.871795595533498897e+02 4.261477977667493633e+01
2.512416098014888348e+02 1.873232165012406938e+02 4.254029156327543149e+01
2.512379807692307736e+02 1.873546836228287873e+02 4.258188585607940269e+01
2.512651674937965254e+02 1.874483250620347405e+02 4.261240694789081829e+01
2.513310949131513610e+02 1.875578008684863391e+02 4.281754032258064768e+01
2.513310018610421821e+02 1.875640043424317582e+02 4.270044975186104352e+01
2.513287065756823893e+02 1.875625775434243110e+02 4.264024503722084347e+01
2.513556606699751796e+02 1.876062655086848565e+02 4.267650434243176250e+01
2.514154001240694924e+02 1.876976892059553279e+02 4.293929900744416983e+01
2.514799472704714560e+02 1.878866470223325109e+02 4.313672456575682190e+01
2.515227977667493917e+02 1.880251705955334955e+02 4.340932071960298089e+01
2.515398107940446550e+02 1.882824596774193537e+02 4.357548076923077218e+01
2.515448511166253240e+02 1.885741780397022467e+02 4.382954404466501330e+01
2.516028846153846246e+02 1.888240694789081999e+02 4.406107320099255276e+01
2.515580645161290363e+02 1.890133839950372305e+02 4.412169665012407194e+01
2.515555055831265463e+02 1.891088864764267896e+02 4.429055521091811443e+01
2.515631358560794126e+02 1.892342741935483730e+02 4.425626550868486220e+01
2.515588709677419388e+02 1.893509460297766793e+02 4.461195719602977761e+01
2.516022177419354762e+02 1.895200837468982513e+02 4.468247518610422020e+01
2.515822735732009789e+02 1.897117710918114142e+02 4.495491625310173589e+01
2.516857475186104125e+02 1.898932227047146455e+02 4.515001550868486646e+01
2.516692617866004866e+02 1.900556296526054609e+02 4.559351736972704572e+01
2.516589485111662441e+02 1.903333901985111538e+02 4.577225496277915795e+01
2.515498759305210967e+02 1.879613833746898308e+02 4.304547146401985458e+01
2.511495967741935544e+02 1.870122983870967630e+02 4.159599875930521051e+01
2.511161290322580726e+02 1.863256203473945334e+02 4.101853287841191076e+01
2.510920130272952804e+02 1.862863833746898194e+02 4.088300248138957471e+01
2.511616470223325166e+02 1.863642990074441741e+02 4.108455334987593233e+01
2.512333436724565843e+02 1.865192617866005094e+02 4.122292183622828787e+01
2.512941377171216004e+02 1.866894230769230774e+02 4.164558002481389565e+01
2.513915632754342369e+02 1.868618176178659951e+02 4.179325372208436562e+01
2.513659429280397148e+02 1.872046836228287816e+02 4.201414392059553649e+01
2.514396712158809066e+02 1.873343207196029709e+02 4.220352047146401731e+01
2.514769385856079396e+02 1.874419509925558316e+02 4.230789392059553222e+01
2.514907723325061966e+02 1.875897797766749306e+02 4.253283188585607633e+01
2.515692772952853602e+02 1.876787375930521193e+02 4.268399503722084631e+01
2.515513337468982513e+02 1.879035359801488880e+02 4.271011166253101976e+01
2.515769385856079339e+02 1.880436259305211024e+02 4.282251861042183805e+01
2.515747363523573199e+02 1.880693393300248033e+02 4.300863833746898024e+01
2.515244416873449040e+02 1.881162220843672515e+02 4.279336228287841237e+01
2.514634925558312659e+02 1.880475186104218324e+02 4.267816377171215692e+01
2.514218517369727124e+02 1.879709057071960387e+02 4.286046836228288015e+01
2.514256823821339992e+02 1.879916253101737027e+02 4.276664081885856206e+01
2.514111042183622828e+02 1.880005738213399411e+02 4.264010545905707517e+01
2.514340415632754286e+02 1.880981544665012279e+02 4.246892059553349696e+01
2.514742866004962707e+02 1.881117866004962877e+02 4.257575992555831590e+01
2.514871898263027390e+02 1.882499689826302642e+02 4.254925558312655198e+01
2.515319478908188557e+02 1.883313120347394545e+02 4.282602357320099173e+01
2.515390663771712241e+02 1.884565446650124159e+02 4.285839019851116660e+01
2.515643300248138985e+02 1.884750775434243053e+02 4.292560483870967403e+01
2.515358560794044536e+02 1.883886166253101635e+02 4.302389888337469159e+01
2.515056761786600532e+02 1.883822270471464151e+02 4.281313585607940553e+01
2.514401519851116689e+02 1.881877791563275366e+02 4.252949751861041960e+01
2.515832351116625318e+02 1.860583436724565729e+02 4.069962779156327315e+01
2.513782102977667421e+02 1.856069789081885801e+02 4.006845533498758982e+01
2.512783653846153982e+02 1.850536600496277799e+02 3.938925248138957613e+01
2.513673232009925584e+02 1.852404311414392168e+02 3.963348325062034405e+01
2.514453318858560920e+02 1.852997828784119179e+02 3.998200992555831590e+01
2.515067772952853602e+02 1.853712624069478920e+02 4.009438585607940553e+01
2.515495967741935601e+02 1.854978753101736970e+02 4.015750620347394317e+01
2.515485576923076962e+02 1.856635700992555940e+02 4.000539702233250949e+01
2.515045750620347462e+02 1.858082816377171298e+02 4.008839950372208705e+01
2.515047146401985003e+02 1.859108250620347462e+02 4.021699751861041960e+01
2.514818548387096655e+02 1.858819789081885858e+02 4.033791873449131771e+01
2.514552884615384585e+02 1.858379962779156358e+02 4.011569478908188557e+01
2.514236662531017430e+02 1.857925093052109276e+02 4.006946339950372504e+01
2.514519385856079339e+02 1.858606079404466414e+02 3.984517679900744724e+01
2.514424782878411975e+02 1.858607475186104239e+02 4.007214640198510835e+01
2.514529621588089299e+02 1.859124999999999943e+02 4.025410980148883056e+01
2.514909739454094222e+02 1.860005117866004980e+02 4.026091811414391941e+01
2.515283343672456624e+02 1.861393610421836229e+02 4.021163151364764587e+01
2.515005117866004980e+02 1.861948511166253013e+02 4.029356389578163800e+01
2.515508995037220927e+02 1.862835763027295286e+02 4.042115384615384954e+01
2.515364454094292910e+02 1.863705490074441684e+02 4.063674007444168979e+01
2.515049627791563296e+02 1.864111507444168865e+02 4.071918424317617990e+01
2.514621588089329975e+02 1.865533343672456681e+02 4.081285669975186181e+01
2.514822270471464094e+02 1.867546526054590572e+02 4.089195099255583443e+01
2.514765353598014883e+02 1.868968827543424425e+02 4.104224565756823750e+01
2.514127171215880878e+02 1.872014578163771716e+02 4.122075062034739545e+01
2.514058157568238130e+02 1.872212003722084432e+02 4.121805210918114426e+01
2.511936414392059476e+02 1.867573045905707261e+02 4.052794665012407194e+01
2.514671060794044593e+02 1.850372828784119008e+02 3.937354218362283120e+01
2.514231699751861129e+02 1.848977512406947881e+02 3.903793424317618133e+01
2.514293424317617962e+02 1.849935328784119122e+02 3.920342741935483843e+01
2.513874689826302813e+02 1.852641904466501330e+02 3.960426488833746816e+01
2.514497673697270557e+02 1.855840880893300380e+02 3.981619106699751853e+01
2.514482475186104296e+02 1.856473169975186011e+02 3.996053039702233178e+01
2.514233095533498670e+02 1.858745347394541056e+02 4.007484491315136665e+01
2.514370812655086809e+02 1.864093517369726953e+02 4.050480769230769340e+01
2.514727202233250694e+02 1.866721774193548526e+02 4.084933312655086723e+01
2.514951767990074529e+02 1.868049627791563410e+02 4.118964019851116376e+01
2.514900124069478977e+02 1.870234336228287759e+02 4.152149503722084489e+01
2.515034274193548356e+02 1.873085142679900628e+02 4.188646091811414607e+01
2.515234646401985117e+02 1.875628101736972724e+02 4.195434243176178768e+01
2.515404311414391998e+02 1.877411290322580726e+02 4.205162841191067002e+01
2.515717586848635108e+02 1.879429125310173561e+02 4.229365694789081687e+01
2.516335297766749477e+02 1.883066532258064569e+02 4.255497828784118752e+01
2.516225806451612925e+02 1.885362903225806406e+02 4.285834367245657717e+01
2.515969292803970347e+02 1.886762096774193651e+02 4.298781017369726953e+01
2.515378566997518703e+02 1.888453163771712298e+02 4.327527915632754230e+01
2.515591191066997396e+02 1.890321495037220814e+02 4.336391129032258362e+01
2.515932847394541056e+02 1.891790322580645238e+02 4.328601116625310397e+01
2.515845998759305076e+02 1.893717586848635221e+02 4.370097704714640230e+01
2.516547146401985060e+02 1.895988678660049516e+02 4.384536290322580498e+01
2.516221929280397092e+02 1.897929125310173788e+02 4.392424007444168410e+01
2.514345998759305303e+02 1.890234801488833796e+02 4.322492245657568333e+01
